0 6
1 10
2 14
3 18
4 5 21
5 4 6
6 5 7
7 6 8
8 7 9 22
9 8 10
10 9 11
11 10 12
12 11 13 23
13 12 14
14 13 15
15 14 16
16 15 17 24
17 16 18
18 17 19
19 18 20
20 19 25
21 4 26
22 8 30
23 12 34
24 16 38
25 20 42
26 21 27
27 26 28
28 27 29 43
29 28 30
30 22 29 31
31 30 32
32 31 33 44
33 32 34
34 23 33 35
35 34 36
36 35 37 45
37 36 38
38 24 37 39
39 38 40
40 39 41 46
41 40 42
42 25 41
43 28 47
44 32 51
45 36 55
46 40 59
47 43 48
48 47 49
49 48 50 60
50 49 51
51 44 50 52
52 51 53
53 52 54
54 53 55
55 45 54 56
56 55 57
57 56 58 61
58 57 59
59 46 58
60 49 62
61 57 70
62 60 63
63 62 64
64 63 65 71
65 64 66
66 65 67
67 66 68
68 67 69 72
69 68 70
70 61 69
71 63 73
72 68 77
73 71 74
74 73 75
75 74 76 78
76 75 77
77 72 76
78 75 87
79 80 96
80 79 81
81 80 82
82 81 83
83 82 84
84 83 85
85 84 86
86 85 87
87 78 86 88
88 87 89
89 89 90
90 89 91
91 90 92
92 91 93
93 92 94
94 93 95
95 94 97
96 79 98
97 95 114
98 96 99
99 98 100
100 99 101
101 100 102
102 101 103
103 102 104
104 103 105
105 104 106
106 105 107 115
107 106 108
108 107 109
109 108 110
110 109 111
111 110 112
112 111 113
113 112 114
114 97 113
115 106