0 22
1 22
2 22
3 22
4 22
5 26
6 26
7 26
8 26
9 26
10 30
11 30
12 30
13 30
14 30
15 34
16 34
17 34
18 34
19 34
20 21 37
21 20 22
22 21 23
23 22 24
24 23 25 38
25 24 26
26 25 27
27 26 28
28 27 29 39
29 28 30
30 29 31
31 30 32
32 31 33 40
33 32 34
34 33 35
35 34 36
36 35 41
37 20 42
38 24 46
39 28 50
40 32 54
41 36 58
42 37 43
43 42 44
44 43 45 59
45 44 46
46 38 45 47
47 46 48
48 47 49 60
49 48 50
50 39 49 51
51 50 52
52 51 53 61
53 52 54
54 40 53 55
55 54 56
56 55 57 62
57 56 58
58 41 57
59 44 63
60 48 67
61 52 71
62 56 75
63 59 64
64 63 65
65 64 66 76
66 65 67
67 60 66 68
68 67 69
69 68 70
70 69 71
71 61 70 72
72 71 73
73 72 77 74
74 73 75
75 64 74
76 65 78
77 73 86
78 76 79
79 78 80
80 79 81 87
81 80 82
82 81 83
83 82 84
84 83 85 88
85 84 86
86 77 85
87 80 89
88 84 93
89 87 90
90 89 91
91 90 92 94
92 91 93
93 88 92
94 91 103
95 96 112
96 95 97
97 96 98
98 97 99
99 98 100
100 99 101
101 100 102
102 101 103
103 94 102 104
104 103 105
105 104 106
106 105 107
107 106 108
108 107 109
109 108 110
110 109 111
111 110 113
112 95 114
113 111 130
114 112 115
115 114 116
116 115 117
117 116 118
118 117 119
119 118 120
120 119 121
121 120 122
122 121 123 131
123 122 124
124 123 125
125 124 126
126 125 127
127 126 128
128 127 129
129 128 130
130 113 129
131 122